150.56612372398376,0.7599,0.7080719435214996,0.8233333333333334,0.5581004520257314
218.4159004688263,0.8069,0.542907539010048,0.985,0.1807916760444641
287.3309144973755,0.7947,0.5869115784764289,0.9683333333333334,0.1378831168015798
356.54138588905334,0.8053,0.5763528269529342,0.9933333333333333,0.06927129874626796
427.67990899086,0.823,0.536178777962923,1.0,0.03447715441385905
495.3978862762451,0.8154,0.5580319786071777,1.0,0.02991293960561355
565.4262375831604,0.8246,0.5528532642126084,1.0,0.019149057877560455
634.2558436393738,0.8252,0.5589724405109883,1.0,0.015616566718866428
704.815149307251,0.8241,0.5651973369717598,1.0,0.012998380543043217
776.3410983085632,0.8258,0.5658171719312668,1.0,0.01118646003305912
43.68153381347656,0.7181,0.7696237695217133,0.7883333333333333,0.6135682364304861
116.95233941078186,0.7919,0.5783001092076302,0.9533333333333334,0.2205339918533961
191.24380898475647,0.8099,0.5526138114929199,0.9833333333333333,0.11110187446077664
262.2201659679413,0.809,0.5740164113044739,0.99,0.07354733223716418
333.25237345695496,0.8144,0.5693376484513283,0.9966666666666667,0.04519502321879069
407.182550907135,0.8179,0.5576480776071548,1.0,0.028165477017561596
491.5314335823059,0.8209,0.5679005216062069,1.0,0.021470860267678898
564.0817925930023,0.822,0.5669734707474708,1.0,0.016936713519195717
637.9032950401306,0.8221,0.5689495542645454,1.0,0.013790161969761053
715.0237522125244,0.8225,0.5780570924282074,1.0,0.011690950021147728
119.82236957550049,0.7186,0.7767911446094513,0.79,0.6292205651601156
187.78557419776917,0.7587,0.664038195014,0.8933333333333333,0.2962896799047788
255.97239875793457,0.8085,0.5528907287120819,0.9933333333333333,0.10467395931482315
322.2252984046936,0.8188,0.532601210474968,1.0,0.06015823346873125
393.0281090736389,0.8187,0.5450618182122707,1.0,0.0402774807686607
459.8332929611206,0.8223,0.5662452691793441,1.0,0.030221821119387943
527.3279094696045,0.8232,0.5553884072601796,1.0,0.02064162554840247
595.43598985672,0.8247,0.5608196803927421,1.0,0.016663373758395512
662.1783175468445,0.8252,0.5694175776839256,1.0,0.013899380962053934
934.8621039390564,0.7111,0.7551130592823029,0.78,0.6047429144382477
1000.7459344863892,0.7948,0.5814422744512558,0.9433333333333334,0.220784492790699
1063.9249773025513,0.8076,0.5642674517631531,0.9833333333333333,0.11587010448177655
1129.8686881065369,0.8062,0.5631148338317871,0.995,0.06920699775218964
1194.672269821167,0.8001,0.6496576735377312,0.98,0.08047029624382655
1258.6802146434784,0.8175,0.581024466753006,0.9983333333333333,0.03272001724690199
1323.3480911254883,0.8211,0.5577057933807373,1.0,0.022067996052404244
1388.4929554462433,0.8239,0.562534513026476,1.0,0.016021493822336197
1455.0225150585175,0.8239,0.5642824445664882,1.0,0.013491120344648758
1518.9871702194214,0.825,0.5715757961571216,1.0,0.011543053512771925
49.937426805496216,0.7241,0.7722010123729706,0.8033333333333333,0.6176242033640543
116.87363934516907,0.7653,0.6279974496364593,0.9266666666666666,0.2517290338873863
185.22109580039978,0.7957,0.5660901203751564,0.985,0.11381722862521808
33.301193714141846,0.7438,0.717811046242714,0.8066666666666666,0.5681798011064529
106.4103684425354,0.7457,0.7484360003471374,0.855,0.36446679135163623
177.49167561531067,0.7999,0.5750184872746468,0.9583333333333334,0.14372442786892256
253.72159624099731,0.815,0.5393454480171204,1.0,0.06085056190689405
328.56873989105225,0.8175,0.5474939024448395,1.0,0.03994040625790755
407.80024337768555,0.8224,0.555461381226778,1.0,0.028792091955741245
485.85039830207825,0.8198,0.5555993318557739,1.0,0.022882623597979546
565.1811830997467,0.8233,0.5612772597372532,1.0,0.01757626949499051
642.6903851032257,0.8229,0.5714007991552353,1.0,0.014344723429530859
722.6163852214813,0.8232,0.5714235749840736,1.0,0.012560551830877861
72.17623329162598,0.6915,0.8161475360393524,0.7583333333333333,0.6512221197287241
138.93592596054077,0.7853,0.6053157621622085,0.9416666666666667,0.2375820204615593
205.2226002216339,0.8027,0.5888056987524033,0.975,0.130464689185222
272.76621198654175,0.8137,0.5645012307167053,0.9966666666666667,0.06626613313953082
341.7749388217926,0.816,0.5487354093790054,1.0,0.03857534875472387
409.2531805038452,0.8224,0.5516477373242378,1.0,0.025954953394830227
475.4336893558502,0.8216,0.5545186480879783,1.0,0.020366371298829716
541.623486995697,0.8243,0.558214066028595,1.0,0.016364422626793385
610.227118730545,0.8252,0.5600029887259006,1.0,0.013823340957363447
678.5575325489044,0.8253,0.5658833380043506,1.0,0.011824057747920355
81.7050609588623,0.6933,0.8070774191617965,0.7483333333333333,0.6447939475377401
154.6958522796631,0.7766,0.6067146402597428,0.9316666666666666,0.25712932149569195
224.45667958259583,0.8061,0.5617677643895149,0.97,0.13184752563635507
296.6344065666199,0.8115,0.5418951877951622,0.9983333333333333,0.0652554202824831
367.808629989624,0.8204,0.5416470748186112,1.0,0.03935031654934088
441.50839734077454,0.8224,0.5543489357829094,1.0,0.028224663498500984
515.6022906303406,0.823,0.5581964746117591,1.0,0.0214567631483078
586.3421583175659,0.8228,0.5597360058128834,1.0,0.016939110743502777
658.9016885757446,0.8209,0.565430448949337,1.0,0.014240759735306105
732.1937913894653,0.8237,0.5786380115151405,1.0,0.012513710961987575
41.03946590423584,0.767,0.6857649898529052,0.8366666666666667,0.5304901848236719
112.1926863193512,0.777,0.589883893430233,0.9483333333333334,0.23369959245125452
184.48771929740906,0.8088,0.5423658865690232,0.9866666666666667,0.10276506468653679
256.6867196559906,0.8155,0.5446373450756073,1.0,0.061230666314562164
329.38897132873535,0.8191,0.5571773310005664,1.0,0.039767248866458736
403.08852887153625,0.8229,0.544105721861124,1.0,0.025775513301293056
475.62221574783325,0.8243,0.5649788427352905,1.0,0.021129178814589977
547.7250282764435,0.8239,0.5560220605134965,1.0,0.016242785689731438
620.8241050243378,0.8244,0.564376799017191,1.0,0.013418699149042368
694.8564903736115,0.8252,0.5665787462890148,1.0,0.011626898466298977
43.099117040634155,0.7352,0.744236211180687,0.81,0.5919612050056458
110.3257200717926,0.7727,0.6429227128624916,0.9083333333333333,0.25504907468954724
178.13814163208008,0.8123,0.5333711540699005,0.995,0.09560377150774002
245.16905164718628,0.809,0.5549837148189545,1.0,0.06241673044860363
312.6059308052063,0.8209,0.553326305449009,0.9983333333333333,0.03848389629274607
382.3964340686798,0.822,0.5602737337350845,1.0,0.027301430391768616
452.41569781303406,0.824,0.5522556626796722,1.0,0.019595136710753042
521.2522509098053,0.8238,0.5588153332471848,1.0,0.01618891302496195
593.8905365467072,0.824,0.5638674093782902,1.0,0.013708744818965593
662.4590756893158,0.8254,0.56859822422266,1.0,0.011490765182922283
79.0641713142395,0.7492,0.7332739514112473,0.82,0.5781156222025553
152.77290415763855,0.7994,0.550758193731308,0.9633333333333334,0.19476269682248434
226.34549021720886,0.8057,0.5542036992311478,0.995,0.10297122846047084
298.27998423576355,0.7983,0.5823962980508804,0.9883333333333333,0.08703658978144328
372.5506203174591,0.8208,0.5504196797311306,1.0,0.0364046823233366
446.74774956703186,0.8235,0.5483234865963459,1.0,0.026707349965969723
522.538964509964,0.8222,0.5534906628727913,1.0,0.020753429581721623
596.4002294540405,0.8247,0.5610903844237327,1.0,0.016414761388053496
670.6522567272186,0.8222,0.5667668859660625,1.0,0.014062384609133005
745.7441709041595,0.8234,0.5711409711837768,1.0,0.012048768966148296
165.93576407432556,0.7808,0.6633649843931199,0.8616666666666667,0.5149438828229904
241.45235085487366,0.8074,0.5427217692136764,0.9716666666666667,0.1929821496208509
314.81273913383484,0.8008,0.573265560567379,0.9916666666666667,0.1219945065677166
389.56042528152466,0.7939,0.6259202212095261,0.98,0.10927501072486241
463.82734537124634,0.8148,0.5618758888542652,0.9983333333333333,0.04131477139890194
538.5903735160828,0.8224,0.5512169209122658,1.0,0.02536326615760724
611.9695627689362,0.8227,0.555911875963211,1.0,0.01950210736443599
683.1552245616913,0.8225,0.5559851923584938,1.0,0.016217224455128115
757.2764236927032,0.8228,0.5607645355165005,1.0,0.013463797513395548
832.845865726471,0.8255,0.567462056428194,1.0,0.01142423739656806
