Train Start
1652189006.7332668
1652189367.7049565
1652189723.4771063
1652190083.3824108
1652190439.7363267
1652190800.842608
1652191162.59674
1652191514.530488
1652191877.7602997
1652192236.262992
1652192589.3963668
1652192946.712341
1652193301.9967933
1652193651.8422658
1652194011.4457457
1652194367.2385495
1652194719.4515119
1652195080.4375184
1652195436.1001797
1652195785.104644
Train End
1652189185.2139413
1652189540.0987108
1652189893.4815812
1652190253.3949113
1652190609.5756068
1652190970.6846662
1652191332.123677
1652191684.1397328
1652192047.867288
1652192406.21527
1652192759.4115927
1652193472.2770607
1652193821.7347748
1652194180.9622793
1652194536.7006614
1652194889.0472639
1652195250.19016
1652195606.1907465
1652195955.3577578
Send Start
1652189185.214042
1652189540.098783
1652189893.4816456
1652190253.39499
1652190609.575685
1652190970.6847494
1652191332.1237676
1652191684.139807
1652192047.867365
1652192406.2153397
1652192759.411826
1652193472.277321
1652193821.7349973
1652194180.962497
1652194536.7008471
1652194889.0473363
1652195250.1903906
1652195606.1909568
1652195955.357837
Send end
1652189185.294043
1652189540.327911
1652189893.7471993
1652190253.6746526
1652190609.8594215
1652190970.966701
1652191332.4028249
1652191684.4214616
1652192048.144586
1652192406.490889
1652192759.6882222
1652193117.035247
1652193472.5496495
1652193822.0080426
1652194181.235467
1652194536.975497
1652194889.3262768
1652195250.4682324
1652195606.4683952
1652195955.635394
